0001
0002
0003
0004
0005
0007
0009
0011
0012
0013
0014
0016
0018
0021
0022
0025
0026
0027
0030
0031
0032
0033
0035
0036
0037
0040
0043
0044
0045
0048
0049
0052
0053
0054
0059
0060
0061
0063
0064
0067
0069
0072
0074
0075
0077
0078
0079
0080
0082
0084
0086
0088
0090
0091
0092
0093
0095
0097
0098
0104
0106
0108
0109
0110
0113
0115
0116
0119
0122
0123
0124
0125
0126
0129
0131
0133
0138
0140
0145
0146
0147
0150
0151
0153
0155
0161
0162
0163
0165
0169
0170
0171
0172
0175
0176
0178
0181
0182
0183
0184
0186
0187
0192
0194
0195
0196
0200
0201
0204
0206
0209
0212
0213
0214
0215
0216
0217
0218
0219
0220
0221
0223
0224
0225
0227
0228
0230
0231
0233
0236
0240
0242
0248
0249
0251
0252
0253
0255
0259
0260
0264
0265
0266
0270
0271
0273
0275
0276
0277
0278
0279
0281
0283
0284
0286
0287
0288
0290
0291
0294
0296
0297
0298
0302
0303
0304
0305
0306
0308
0309
0310
0313
0314
0316
0317
0318
0319
0324
0326
0328
0332
0334
0335
0336
0337
0338
0341
0343
0344
0345
0348
0349
0350
0351
0352
0353
0354
0355
0357
0360
0361
0362
0366
0372
0373
0375
0376
0377
0378
0379
0384
0385
0386
0387
0388
0389
0391
0395
0400
0402
0403
0405
0406
0408
0409
0410
0412
0413
0414
0415
0418
0419
0420
0421
0422
0423
0424
0427
0430
0433
0435
0440
0441
0443
0444
0446
0448
0449
0452
0453
0454
0456
0457
0458
0459
0460
0463
0466
0469
0470
0472
0473
0474
0475
0476
0477
0479
0480
0484
0485
0487
0488
0490
0492
0494
0495
0497
0498
0500
0502
0503
0504
0506
0508
0509
0510
0511
0512
0514
0516
0517
0518
0520
0521
0523
0524
0525
0529
0531
0532
0534
0536
0537
0539
0541
0544
0545
0546
0547
0549
0552
0555
0556
0558
0559
0561
0564
0570
0571
0572
0573
0574
0575
0579
0580
0583
0584
0585
0586
0589
0590
0592
0594
0596
0597
0600
0601
0602
0605
0607
0609
0610
0611
0612
0613
0615
0618
0619
0620
0623
0624
0626
0628
0629
0632
0633
0636
0637
0638
0640
0642
0643
0644
0646
0647
0648
0649
0650
0652
0653
0654
0656
0657
0658
0659
0660
0661
0662
0664
0665
0666
0667
0670
0671
0674
0676
0679
0680
0681
0684
0685
0688
0690
0692
0694
0695
0696
0697
0700
0701
0702
0704
0707
0708
0709
0711
0712
0713
0714
0715
0716
0717
0720
0721
0725
0729
0731
0733
0734
0736
0738
0739
0740
0743
0745
0746
0748
0749
0751
0752
0753
0755
0757
0759
0761
0762
0763
0765
0767
0769
0770
0771
0773
0774
0775
0776
0777
0778
0779
0780
0781
0782
0784
0786
0792
0793
0795
0797
0798
0801
0802
0803
0804
0806
0809
0812
0813
0814
0815
0816
0818
0819
0822
0823
0824
0825
0826
0829
0830
0831
0832
0833
0835
0836
0837
0838
0839
0842
0843
0844
0845
0846
0849
0851
0852
0853
0854
0855
0857
0858
0860
0861
0862
0863
0864
0865
0866
0867
0868
0869
0870
0871
0877
0879
0881
0882
0884
0885
0886
0887
0888
0891
0895
0896
0899
0903
0904
0909
0910
0911
0914
0915
0916
0918
0920
0924
0925
0926
0927
0928
0929
0930
0935
0937
0938
0939
0941
0942
0943
0944
0945
0946
0947
0948
0949
0950
0951
0952
0954
0956
0963
0964
0965
0966
0967
0968
0969
0971
0973
0977
0978
0980
0981
0982
0984
0985
0986
0987
0990
0992
0995
0996
0997
0998
0999
1001
1004
1005
1006
1007
1009
1014
1015
1017
1018
1019
1020
1021
1026
1028
1029
1031
1032
1033
1036
1038
1040
1041
1043
1044
1045
1047
1048
1049
1051
1052
1053
1054
1055
1057
1058
1059
1063
1066
1068
1071
1072
1074
1075
1078
1079
1081
1082
1083
1085
1086
1087
1088
1089
1090
1091
1092
1095
1097
1098
1099
1102
1103
1104
1106
1108
1109
1111
1112
1114
1117
1119
1120
1121
1122
1126
1127
1128
1130
1131
1133
1134
1135
1136
1137
1139
1140
1141
1142
1143
1144
1145
1148
1151
1152
1153
1154
1159
1162
1164
1165
1167
1169
1170
1171
1172
1173
1174
1175
1176
1177
1178
1179
1180
1182
1187
1188
1189
1191
1192
1193
1194
1195
1196
1197
1198
1199
1201
1202
1203
1204
1206
1210
1211
1212
1213
1214
1217
1219
1220
1221
1222
1223
1224
1227
1229
1230
1231
1232
1233
1234
1235
1236
1237
1238
1239
1240
1242
1246
1249
1250
1252
1254
1255
1257
1258
1260
1262
1263
1264
1265
1268
1271
1272
1273
1274
1275
1277
1278
1279
1280
1283
1284
1286
1287
1288
1289
1290
1292
1294
1295
1296
1297
1300
1301
1304
1305
1308
1309
1311
1313
1314
1315
1318
1319
1322
1323
1324
1325
1326
1327
